-22905 88 0 -128 1
-26920 246 1 -128 1
31692 124 1 127 1
17952 135 0 127 1
32704 41 1 127 1
10128 67 1 127 1
-10656 127 0 -128 1
-4007 11 1 -128 1
-27101 232 1 -128 1
-4391 5 1 -128 1
-27967 126 1 -128 1
23500 76 1 127 1
2188 91 0 127 1
-27137 132 0 -128 1
13837 98 0 127 1
12933 111 1 127 1
490 102 0 127 1
-19566 216 0 -128 1
-32332 40 0 -128 1
-26597 247 0 -128 1
-11381 48 0 -128 1
1734 83 0 127 1
-7444 12 1 -128 1
31169 253 0 127 1
-15248 92 0 -128 1
15449 82 0 127 1
-29394 202 1 -128 1
17113 38 0 127 1
5951 25 0 127 1
14251 245 1 127 1
674 68 1 127 1
18746 227 1 127 1
20754 136 0 127 1
865 28 0 127 1
-29163 71 0 -128 1
-24373 23 0 -128 1
15725 113 0 127 1
22264 197 1 127 1
-472 163 1 -128 1
-3253 190 0 -128 1
-28632 88 1 -128 1
22 10 1 127 1
7818 124 1 127 1
-8469 215 0 -128 1
4782 7 0 127 1
-20806 249 0 -128 1
-1947 10 0 -128 1
27967 227 1 127 1
19973 30 1 127 1
18451 234 1 127 1
-10192 49 0 -128 1
9427 57 0 127 1
8373 66 0 127 1
-6397 234 0 -128 1
332 183 1 127 1
21151 227 1 127 1
-16862 176 1 -128 1
2976 235 0 127 1
6089 175 0 127 1
-3710 29 0 -128 1
-11975 200 0 -128 1
-3248 229 1 -128 1
-12003 210 1 -128 1
-17877 131 0 -128 1
-18399 228 1 -128 1
-26731 30 0 -128 1
-15166 52 1 -128 1
3576 120 0 127 1
16302 240 0 127 1
25419 184 0 127 1
-11294 223 1 -128 1
-28587 80 1 -128 1
31341 85 0 127 1
23479 70 0 127 1
8943 168 1 127 1
21470 5 0 127 1
14635 84 0 127 1
-14632 154 1 -128 1
16911 161 1 127 1
8627 196 0 127 1
-3084 108 0 -128 1
-21941 206 0 -128 1
-30270 231 0 -128 1
16913 85 1 127 1
-1762 237 1 -128 1
13140 160 0 127 1
-18755 98 0 -128 1
-9535 168 1 -128 1
-19320 67 1 -128 1
-28318 44 0 -128 1
10860 4 0 127 1
30846 105 1 127 1
4923 109 0 127 1
-3561 8 0 -128 1
5622 167 1 127 1
25762 95 1 127 1
-26193 12 0 -128 1
11659 74 1 127 1
-23538 227 1 -128 1
18243 225 0 127 1
17679 176 0 127 1
17031 246 0 127 1
22435 46 0 127 1
-20014 24 1 -128 1
29206 133 0 127 1
-8921 243 1 -128 1
-30954 145 0 -128 1
-2182 187 0 -128 1
-15304 156 0 -128 1
-146 153 0 -128 1
14652 45 0 127 1
-29899 190 1 -128 1
31391 169 1 127 1
3050 30 1 127 1
1057 71 0 127 1
-22658 97 1 -128 1
25130 195 1 127 1
15948 155 0 127 1
-13358 48 0 -128 1
11995 67 1 127 1
18643 228 1 127 1
27689 204 0 127 1
15245 91 0 127 1
16039 1 1 127 1
-13558 147 0 -128 1
-8741 251 0 -128 1
14274 209 1 127 1
30637 238 1 127 1
-735 119 0 -128 1
-5844 134 1 -128 1
-13720 157 1 -128 1
-11416 241 1 -128 1
-20191 98 0 -128 1
26576 63 1 127 1
-3456 175 0 -128 1
-8491 61 1 -128 1
-17890 148 1 -128 1
-27766 82 0 -128 1
20292 43 0 127 1
-1997 8 0 -128 1
11983 89 0 127 1
19376 16 1 127 1
-19991 109 0 -128 1
-20352 31 0 -128 1
-14859 237 0 -128 1
-2430 10 1 -128 1
2343 81 0 127 1
-24255 17 0 -128 1
-30408 209 1 -128 1
12220 203 0 127 1
19531 194 1 127 1
-1594 211 1 -128 1
16180 29 1 127 1
-11130 79 0 -128 1
15144 84 1 127 1
-17899 227 0 -128 1
-28506 22 1 -128 1
4226 163 1 127 1
28176 61 0 127 1
11127 39 0 127 1
26233 38 0 127 1
28854 81 1 127 1
-20439 42 1 -128 1
-4120 190 0 -128 1
23552 32 1 127 1
-22239 134 0 -128 1
-6669 227 0 -128 1
21801 45 1 127 1
-17482 169 1 -128 1
8503 104 0 127 1
4830 1 0 127 1
13123 94 1 127 1
22590 142 0 127 1
-26398 38 0 -128 1
-15716 113 1 -128 1
-12298 152 1 -128 1
-5324 66 1 -128 1
17552 31 0 127 1
31347 77 1 127 1
21773 183 0 127 1
-9207 67 1 -128 1
-4247 76 0 -128 1
-30349 226 0 -128 1
19972 222 0 127 1
-25015 227 0 -128 1
22392 4 1 127 1
18548 119 1 127 1
-7376 11 0 -128 1
-28139 208 0 -128 1
26088 137 1 127 1
24287 73 1 127 1
-13874 50 0 -128 1
10416 171 0 127 1
-17070 105 0 -128 1
-31108 206 1 -128 1
11959 71 0 127 1
21168 74 0 127 1
8961 95 0 127 1
20889 113 0 127 1
-23611 79 1 -128 1
-17340 246 0 -128 1
21805 191 1 127 1
-20714 126 0 -128 1
-19668 254 1 -128 1
24134 226 0 127 1
19980 4 1 127 1
-414 198 1 -128 1
-32287 9 1 -128 1
24624 220 0 127 1
19452 6 0 127 1
24640 82 0 127 1
18802 220 0 127 1
29882 156 1 127 1
18372 200 1 127 1
10860 247 1 127 1
10802 36 0 127 1
8150 148 0 127 1
-1865 209 1 -128 1
14302 127 0 127 1
13444 10 1 127 1
-3748 146 0 -128 1
-14608 48 0 -128 1
23446 62 0 127 1
18396 226 0 127 1
24852 6 0 127 1
3645 111 0 127 1
278 123 0 127 1
-2694 119 0 -128 1
-5816 213 0 -128 1
366 36 1 127 1
-31261 248 0 -128 1
4504 8 0 127 1
-31270 51 1 -128 1
-30327 238 0 -128 1
15470 27 1 127 1
-23608 84 1 -128 1
23181 144 1 127 1
-16682 3 0 -128 1
22471 148 0 127 1
-25264 131 1 -128 1
997 156 1 127 1
-3959 44 0 -128 1
-2852 209 0 -128 1
11035 187 0 127 1
9814 201 0 127 1
10119 58 0 127 1
17101 145 0 127 1
-1896 10 1 -128 1
1531 71 0 127 1
23269 209 1 127 1
-12226 25 1 -128 1
4274 190 1 127 1
-14350 33 1 -128 1
-27579 127 0 -128 1
30481 30 1 127 1
17365 152 1 127 1
-31034 4 1 -128 1
4888 240 0 127 1
26201 9 0 127 1
8827 123 1 127 1
-12698 172 0 -128 1
4283 199 1 127 1
-7892 176 0 -128 1
3510 36 0 127 1
-9094 247 1 -128 1
-26834 62 0 -128 1
-19630 106 1 -128 1
3879 48 1 127 1
-6999 31 0 -128 1
19326 47 0 127 1
11377 186 0 127 1
-12850 232 0 -128 1
7021 75 0 127 1
6738 160 1 127 1
11638 213 0 127 1
-30750 157 1 -128 1
13611 128 0 127 1
-9996 126 0 -128 1
13815 202 0 127 1
-4149 112 1 -128 1
15949 236 0 127 1
31635 214 1 127 1
-31386 46 1 -128 1
-18706 186 1 -128 1
24341 176 0 127 1
-14646 174 1 -128 1
-10933 230 1 -128 1
-5996 36 1 -128 1
-10880 195 1 -128 1
32286 222 1 127 1
8112 14 0 127 1
23159 195 1 127 1
9052 147 0 127 1
-30496 118 1 -128 1
-2744 218 1 -128 1
-17438 193 1 -128 1
-15943 106 0 -128 1
21080 66 0 127 1
28079 127 0 127 1
-28949 36 1 -128 1
-16710 51 0 -128 1
23308 27 1 127 1
18004 180 0 127 1
-14329 67 1 -128 1
-16380 220 0 -128 1
27370 220 0 127 1
30178 26 0 127 1
-13529 218 0 -128 1
-7461 204 0 -128 1
-4306 88 0 -128 1
-9130 10 0 -128 1
10610 109 1 127 1
28459 6 0 127 1
-24494 240 1 -128 1
10428 234 0 127 1
3736 36 1 127 1
12812 182 0 127 1
327 116 1 127 1
3474 117 1 127 1
18604 153 0 127 1
23739 21 0 127 1
32511 65 0 127 1
-3136 14 1 -128 1
10767 46 1 127 1
-3758 188 1 -128 1
-5953 16 0 -128 1
30758 181 1 127 1
-6137 113 1 -128 1
-10202 210 0 -128 1
-5378 52 1 -128 1
9169 140 1 127 1
20578 33 1 127 1
-20039 3 1 -128 1
-11718 221 0 -128 1
15549 15 0 127 1
-21827 111 1 -128 1
-24644 75 1 -128 1
-10861 84 0 -128 1
-2726 173 0 -128 1
-31281 31 0 -128 1
-22263 73 1 -128 1
-25813 104 0 -128 1
-8088 57 1 -128 1
-26868 144 1 -128 1
-2689 69 1 -128 1
17795 188 0 127 1
2777 116 1 127 1
14571 236 0 127 1
4628 238 0 127 1
12894 220 1 127 1
5645 178 1 127 1
-2500 20 1 -128 1
-23157 60 0 -128 1
14224 174 0 127 1
-25737 198 1 -128 1
-22200 101 1 -128 1
-23431 30 1 -128 1
26254 109 1 127 1
-1943 30 1 -128 1
67 248 0 127 1
-23856 52 1 -128 1
28707 248 1 127 1
27914 10 0 127 1
-22788 77 0 -128 1
-31205 65 1 -128 1
-176 243 0 -128 1
-29355 215 1 -128 1
12865 33 0 127 1
-10679 16 1 -128 1
-288 215 1 -128 1
-13261 19 1 -128 1
-3530 125 0 -128 1
-32319 161 1 -128 1
-21876 179 1 -128 1
7016 36 0 127 1
-7799 129 0 -128 1
18742 19 0 127 1
-17122 120 0 -128 1
25969 176 0 127 1
-13010 168 0 -128 1
-32337 196 0 -128 1
12038 26 0 127 1
-19661 81 0 -128 1
8537 80 0 127 1
-18001 203 1 -128 1
7024 184 0 127 1
16464 162 1 127 1
-9058 243 0 -128 1
-5693 10 1 -128 1
30125 190 0 127 1
-18017 97 1 -128 1
-27025 132 1 -128 1
-30869 56 0 -128 1
-10317 137 1 -128 1
8833 84 1 127 1
-25036 73 0 -128 1
-31376 157 1 -128 1
-10556 51 1 -128 1
27874 212 1 127 1
30269 244 0 127 1
-3464 197 0 -128 1
-8766 62 0 -128 1
15999 191 0 127 1
26775 235 0 127 1
8060 68 0 127 1
-325 67 0 -128 1
-32329 200 0 -128 1
13087 127 1 127 1
-12297 14 0 -128 1
-2792 49 1 -128 1
-29244 93 1 -128 1
-15345 6 0 -128 1
2714 11 0 127 1
17315 205 0 127 1
29035 207 1 127 1
30746 151 1 127 1
-8831 122 1 -128 1
-15499 117 1 -128 1
-18401 33 1 -128 1
18267 141 0 127 1
-28109 227 1 -128 1
-15655 251 1 -128 1
-25204 239 0 -128 1
14213 37 0 127 1
-10876 99 1 -128 1
18939 49 1 127 1
-9478 76 0 -128 1
-3320 161 0 -128 1
17223 90 1 127 1
15525 63 1 127 1
8059 62 1 127 1
-14928 214 0 -128 1
30034 156 0 127 1
-27576 23 1 -128 1
-27651 28 1 -128 1
-26452 27 1 -128 1
-23169 24 0 -128 1
-3473 171 0 -128 1
29533 43 0 127 1
26383 184 0 127 1
24668 186 1 127 1
-24409 75 0 -128 1
16706 236 0 127 1
-2900 35 0 -128 1
-3598 17 1 -128 1
13370 20 1 127 1
-27168 178 1 -128 1
-19507 190 1 -128 1
23087 118 0 127 1
14522 19 0 127 1
-21411 75 1 -128 1
-12718 107 1 -128 1
-7165 253 1 -128 1
20227 179 0 127 1
15312 169 1 127 1
5190 1 1 127 1
-25232 127 1 -128 1
3073 248 1 127 1
31528 90 1 127 1
-21185 246 1 -128 1
10646 226 1 127 1
-2413 8 0 -128 1
-27938 125 1 -128 1
23370 42 1 127 1
1594 168 0 127 1
-31490 62 1 -128 1
-10755 149 0 -128 1
16941 151 0 127 1
11540 169 1 127 1
-476 178 1 -128 1
14697 116 0 127 1
14381 46 1 127 1
26120 31 1 127 1
10700 155 0 127 1
9793 217 0 127 1
-4452 237 0 -128 1
20555 18 1 127 1
-12541 230 0 -128 1
-12310 2 1 -128 1
8342 188 0 127 1
15582 209 0 127 1
-23580 151 0 -128 1
-3639 233 0 -128 1
5510 204 1 127 1
26958 186 1 127 1
-26564 200 1 -128 1
-10036 155 1 -128 1
9819 110 1 127 1
-3204 21 1 -128 1
8436 82 0 127 1
-23396 165 0 -128 1
-27235 119 1 -128 1
14858 201 1 127 1
16873 142 1 127 1
-9576 97 0 -128 1
-5519 161 0 -128 1
-7151 228 1 -128 1
18800 65 1 127 1
-17926 229 0 -128 1
-30042 199 1 -128 1
23663 209 1 127 1
-21009 165 1 -128 1
-20820 210 1 -128 1
-395 215 0 -128 1
1629 146 0 127 1
-20434 242 1 -128 1
18638 143 1 127 1
-11152 4 1 -128 1
-31529 105 0 -128 1
10524 40 1 127 1
2439 222 1 127 1
-23298 168 1 -128 1
28832 104 1 127 1
11644 219 0 127 1
7659 239 0 127 1
-25993 27 1 -128 1
28566 71 0 127 1
-21289 228 0 -128 1
24554 180 0 127 1
5742 73 1 127 1
14238 7 1 127 1
19232 111 1 127 1
31507 85 0 127 1
-21590 211 1 -128 1
-11303 157 1 -128 1
-13109 160 0 -128 1
11276 33 1 127 1
27859 64 0 127 1
26893 103 1 127 1
32090 52 1 127 1
-5058 251 1 -128 1
5311 202 0 127 1
-26719 229 0 -128 1
-3472 172 0 -128 1
-2655 134 0 -128 1
-10037 118 0 -128 1
9764 249 0 127 1
7368 87 1 127 1
-17195 141 0 -128 1
5957 59 1 127 1
28496 18 1 127 1
-13453 7 0 -128 1
-1673 144 1 -128 1
-31275 85 0 -128 1
6096 17 1 127 1
-22841 131 1 -128 1
-23817 223 1 -128 1
30051 134 0 127 1
-19637 86 0 -128 1
-5365 174 0 -128 1
-17169 223 1 -128 1
-1161 194 1 -128 1
-9139 82 0 -128 1
-2157 217 0 -128 1
-10759 35 1 -128 1
18528 154 1 127 1
32343 3 0 127 1
-28513 193 1 -128 1
19219 230 1 127 1
-27348 237 1 -128 1
27859 218 1 127 1
-14692 35 0 -128 1
9198 36 0 127 1
-876 221 1 -128 1
18682 238 0 127 1
11213 197 1 127 1
31035 218 0 127 1
-611 191 1 -128 1
-7137 12 1 -128 1
-3857 59 0 -128 1
-6912 101 1 -128 1
28692 153 0 127 1
2458 159 0 127 1
-22217 252 1 -128 1
17670 51 1 127 1
4699 74 1 127 1
3055 85 1 127 1
2767 74 1 127 1
6643 157 0 127 1
-1739 105 1 -128 1
13497 38 0 127 1
20157 218 0 127 1
1116 111 1 127 1
-15273 30 1 -128 1
-2732 132 1 -128 1
29737 133 0 127 1
13486 201 0 127 1
-11040 95 0 -128 1
-5658 241 1 -128 1
2948 72 1 127 1
18779 45 0 127 1
1353 236 1 127 1
-29875 191 1 -128 1
22922 154 0 127 1
94 6 1 127 1
-4005 109 1 -128 1
23326 6 0 127 1
-14121 85 1 -128 1
-8569 29 1 -128 1
-31353 29 1 -128 1
-31587 161 1 -128 1
-8935 242 0 -128 1
24086 227 1 127 1
21382 165 0 127 1
24106 173 1 127 1
-32120 236 0 -128 1
19158 109 1 127 1
25961 245 1 127 1
14172 179 1 127 1
2805 220 1 127 1
-8895 19 1 -128 1
-23578 221 1 -128 1
8159 218 0 127 1
-12966 222 1 -128 1
-12276 41 0 -128 1
3540 70 1 127 1
-19532 8 1 -128 1
-12080 149 0 -128 1
7848 50 0 127 1
-25654 116 0 -128 1
-16550 205 1 -128 1
10877 177 1 127 1
27965 239 1 127 1
11286 134 1 127 1
2816 224 0 127 1
-24979 105 0 -128 1
28655 114 0 127 1
-14339 63 1 -128 1
-1483 114 0 -128 1
-16787 254 1 -128 1
27641 199 0 127 1
10446 68 0 127 1
9933 148 1 127 1
15091 230 1 127 1
-11861 148 0 -128 1
14875 60 1 127 1
10276 69 1 127 1
28753 224 1 127 1
-27394 155 0 -128 1
17605 253 0 127 1
-29627 182 0 -128 1
-11753 201 1 -128 1
26910 249 1 127 1
-25709 189 1 -128 1
-17539 253 1 -128 1
7512 92 1 127 1
16532 66 1 127 1
27262 214 0 127 1
18284 132 1 127 1
31138 165 0 127 1
-12840 10 0 -128 1
-17682 208 1 -128 1
-10245 253 1 -128 1
-17273 108 0 -128 1
24200 137 0 127 1
-30318 244 1 -128 1
16784 21 0 127 1
-23512 128 1 -128 1
20409 242 1 127 1
3593 26 1 127 1
-13104 208 1 -128 1
3066 168 0 127 1
17221 177 0 127 1
-8461 224 1 -128 1
-17062 81 0 -128 1
-12456 10 1 -128 1
-26176 17 0 -128 1
21612 8 1 127 1
18596 49 0 127 1
-2621 180 0 -128 1
4486 121 0 127 1
20200 248 0 127 1
-29292 204 0 -128 1
30356 44 1 127 1
-31821 151 1 -128 1
-11985 190 0 -128 1
10361 199 1 127 1
-19483 155 1 -128 1
-18695 91 1 -128 1
29680 23 1 127 1
-13750 155 1 -128 1
8835 107 0 127 1
5991 37 0 127 1
-13704 245 1 -128 1
-18596 167 0 -128 1
7985 58 0 127 1
18612 49 1 127 1
985 64 0 127 1
29986 49 1 127 1
26575 29 0 127 1
28059 210 0 127 1
-15995 193 0 -128 1
-15518 226 0 -128 1
32202 150 1 127 1
3367 81 0 127 1
28575 218 1 127 1
-916 23 0 -128 1
-20927 114 0 -128 1
15592 79 1 127 1
-21982 140 1 -128 1
3 5 1 16 0
-7 5 1 -34 0
4 6 1 25 0
-7 9 1 -62 0
-2 2 0 -4 0
-8 8 1 -63 0
2 1 0 2 0
1 3 1 4 0
3 9 1 28 0
-10 3 0 -30 0
6 7 1 43 0
1 3 0 3 0
-1 6 1 -5 0
-1 8 0 -8 0
6 8 0 48 0
-1 5 1 -4 0
-10 6 1 -59 0
3 7 0 21 0
-7 3 0 -21 0
0 6 0 0 0
4 7 1 29 0
4 6 1 25 0
-1 1 1 0 0
5 6 1 31 0
6 1 1 7 0
8 3 1 25 0
-4 6 0 -24 0
5 9 0 45 0
-3 1 1 -2 0
0 8 0 0 0
5 1 0 5 0
-1 7 0 -7 0
-3 8 1 -23 0
-6 9 0 -54 0
9 3 0 27 0
1 5 0 5 0
-3 9 1 -26 0
-8 3 0 -24 0
-1 4 0 -4 0
8 7 1 57 0
6 2 0 12 0
6 4 0 24 0
7 9 1 64 0
-8 6 1 -47 0
-2 7 0 -14 0
5 7 1 36 0
-1 8 0 -8 0
-8 6 0 -48 0
-6 8 1 -47 0
4 2 0 8 0
-9 1 1 -8 0
-9 7 1 -62 0
-6 7 0 -42 0
-1 7 0 -7 0
4 4 0 16 0
3 8 0 24 0
-4 8 1 -31 0
4 2 0 8 0
8 8 0 64 0
-2 5 0 -10 0
0 8 0 0 0
8 1 0 8 0
8 2 1 17 0
5 3 0 15 0
6 1 0 6 0
-6 4 0 -24 0
6 3 0 18 0
3 1 1 4 0
-4 4 0 -16 0
4 2 0 8 0
-5 8 0 -40 0
-4 5 0 -20 0
4 1 0 4 0
4 9 0 36 0
-3 6 1 -17 0
7 2 1 15 0
-2 9 0 -18 0
6 4 1 25 0
-4 2 0 -8 0
5 2 0 10 0
-2 5 1 -9 0
2 9 1 19 0
5 9 1 46 0
-5 2 0 -10 0
4 9 1 37 0
5 1 0 5 0
3 5 0 15 0
-3 7 0 -21 0
-9 4 1 -35 0
0 9 1 1 0
-8 2 0 -16 0
-4 5 1 -19 0
7 4 1 29 0
-4 8 0 -32 0
-6 2 1 -11 0
-7 5 0 -35 0
2 2 0 4 0
9 6 1 55 0
-8 7 0 -56 0
-8 7 1 -55 0
-9 8 0 -72 0
-9 3 1 -26 0
-10 4 0 -40 0
8 5 1 41 0
-4 8 0 -32 0
1 5 1 6 0
-1 3 1 -2 0
-2 6 0 -12 0
-6 2 1 -11 0
4 7 0 28 0
-6 1 0 -6 0
-3 1 1 -2 0
-1 3 0 -3 0
-8 7 1 -55 0
3 8 1 25 0
4 8 1 33 0
-4 9 0 -36 0
-7 3 0 -21 0
9 8 0 72 0
1 9 0 9 0
9 1 1 10 0
8 7 0 56 0
7 2 0 14 0
8 6 0 48 0
-5 3 1 -14 0
-3 2 0 -6 0
6 8 1 49 0
5 7 0 35 0
-4 2 1 -7 0
2 1 1 3 0
9 7 0 63 0
-1 5 1 -4 0
-4 1 1 -3 0
-8 6 1 -47 0
-9 1 1 -8 0
-3 8 0 -24 0
-8 2 1 -15 0
3 4 0 12 0
7 2 1 15 0
9 8 1 73 0
0 2 0 0 0
-10 1 0 -10 0
-8 1 1 -7 0
4 1 1 5 0
0 3 1 1 0
6 3 1 19 0
-1 3 0 -3 0
9 3 1 28 0
-3 6 1 -17 0
-2 1 1 -1 0
2 3 0 6 0
-8 7 0 -56 0
-8 7 1 -55 0
-5 7 0 -35 0
1 1 1 2 0
7 7 1 50 0
-4 5 1 -19 0
7 4 0 28 0
-5 7 0 -35 0
2 9 0 18 0
8 9 0 72 0
-8 5 1 -39 0
-5 3 0 -15 0
-8 8 0 -64 0
-1 7 1 -6 0
-1 2 0 -2 0
-9 2 0 -18 0
1 5 0 5 0
9 6 1 55 0
-10 2 1 -19 0
-10 4 0 -40 0
3 4 0 12 0
-10 5 0 -50 0
0 5 1 1 0
-5 7 0 -35 0
-10 9 0 -90 0
-4 1 0 -4 0
-9 3 0 -27 0
-7 7 1 -48 0
-1 9 0 -9 0
-3 1 0 -3 0
4 7 0 28 0
-3 4 1 -11 0
6 7 0 42 0
5 6 1 31 0
-2 4 1 -7 0
2 9 0 18 0
-5 2 0 -10 0
-7 1 0 -7 0
9 4 1 37 0
-2 5 1 -9 0
-1 8 1 -7 0
-3 1 0 -3 0
-4 6 1 -23 0
-1 3 1 -2 0
-2 1 0 -2 0
-2 2 0 -4 0
-10 6 0 -60 0
-8 4 1 -31 0
-4 4 1 -15 0
-3 8 0 -24 0
0 9 1 1 0
-10 4 1 -39 0
8 5 1 41 0
-3 5 0 -15 0
4 2 0 8 0
7 9 1 64 0
5 6 1 31 0
3 7 1 22 0
0 8 1 1 0
0 2 0 0 0
-8 4 1 -31 0
5 4 1 21 0
-3 3 1 -8 0
3 1 1 4 0
9 3 1 28 0
5 2 0 10 0
-10 2 0 -20 0
-5 2 0 -10 0
7 1 1 8 0
-8 4 0 -32 0
3 2 1 7 0
-6 1 0 -6 0
-5 5 1 -24 0
-5 1 0 -5 0
5 3 0 15 0
7 3 1 22 0
6 2 1 13 0
-2 7 0 -14 0
-10 6 0 -60 0
-4 1 1 -3 0
-8 9 0 -72 0
1 2 0 2 0
3 4 0 12 0
-4 3 0 -12 0
9 4 0 36 0
3 4 0 12 0
-10 7 0 -70 0
-4 1 1 -3 0
3 8 1 25 0
-5 9 1 -44 0
-8 2 0 -16 0
1 9 1 10 0
3 5 0 15 0
1 6 1 7 0
2 9 1 19 0
-8 3 1 -23 0
-9 4 1 -35 0
-7 5 1 -34 0
3 5 1 16 0
9 8 0 72 0
7 1 0 7 0
2 5 0 10 0
7 4 0 28 0
0 5 0 0 0
-10 7 0 -70 0
-3 8 0 -24 0
-6 7 0 -42 0
8 7 1 57 0
-6 2 1 -11 0
9 3 1 28 0
-1 2 0 -2 0
-9 6 0 -54 0
-8 9 1 -71 0
-1 6 1 -5 0
7 1 1 8 0
-5 7 1 -34 0
5 4 1 21 0
-10 8 0 -80 0
6 1 0 6 0
0 5 0 0 0
-7 6 0 -42 0
-10 8 1 -79 0
-10 3 1 -29 0
1 6 0 6 0
8 3 1 25 0
8 2 0 16 0
-5 2 1 -9 0
-6 8 0 -48 0
3 9 1 28 0
6 6 1 37 0
8 3 1 25 0
9 6 1 55 0
-10 6 1 -59 0
4 2 0 8 0
-10 9 1 -89 0
6 2 1 13 0
-10 1 1 -9 0
9 6 0 54 0
-7 5 1 -34 0
-1 4 1 -3 0
-9 8 1 -71 0
-5 2 1 -9 0
6 3 0 18 0
8 8 1 65 0
2 2 1 5 0
-4 1 1 -3 0
9 4 0 36 0
8 7 1 57 0
6 9 0 54 0
